n	50
m	51
j	a	b	d	k
0	22	25	7	35
1	75	76	5	23
2	63	63	26	36
3	26	28	67	9
4	26	23	72	25
5	82	73	84	20
6	23	47	48	26
7	69	41	98	9
8	54	79	68	8
9	96	6	9	1
10	13	62	43	21
11	15	42	49	25
12	14	97	95	2
13	13	36	84	1
14	14	8	76	32
15	1	41	94	41
16	31	79	99	33
17	68	76	3	34
18	31	82	83	13
19	16	34	36	4
20	94	45	83	50
21	54	50	86	35
22	36	33	49	3
23	49	95	37	46
24	65	73	89	43
25	73	97	26	30
26	87	30	85	37
27	61	3	54	14
28	28	55	11	9
29	38	24	72	23
30	97	86	10	38
31	1	13	87	21
32	64	57	5	15
33	21	9	39	36
34	87	58	30	8
35	58	10	59	3
36	38	92	68	18
37	71	29	85	51
38	97	39	45	49
39	62	5	29	43
40	36	4	53	24
41	58	17	93	50
42	66	27	37	15
43	36	73	0	1
44	50	3	13	10
45	83	97	19	33
46	9	13	43	19
47	46	7	3	45
48	21	29	13	10
49	90	48	33	31
K
0	13	34	9	23	17	58	25	21	15	13	31	49	24	39	2	33	22	28	38	39	55	31	27	5	8	44	24	33	50	29	49	30	16	7	27	22	26	41	31	37	23	42	41	32	1	50	12	24	9	35
13	0	29	22	36	22	71	38	26	24	8	36	62	11	34	11	38	27	15	51	44	68	36	40	8	17	39	37	46	63	42	62	35	7	20	32	35	31	54	36	50	28	37	54	45	14	63	3	15	22	48
34	29	0	41	45	51	50	45	55	49	21	65	43	32	9	36	67	12	36	30	73	47	65	37	35	42	10	54	25	42	21	41	14	24	39	61	38	60	33	15	35	57	8	47	24	35	42	32	44	35	27
9	22	41	0	14	10	49	16	20	8	20	24	40	33	46	11	26	29	37	29	32	46	24	18	14	5	51	15	36	41	32	40	37	25	2	20	13	19	32	38	28	16	49	32	23	8	41	21	33	6	26
23	36	45	14	0	22	35	2	34	12	30	20	26	47	50	25	22	33	51	25	28	32	26	8	28	19	55	9	40	27	36	26	41	39	16	16	7	17	30	42	14	24	53	18	27	22	27	35	47	14	20
17	22	51	10	22	0	57	24	12	10	30	16	48	29	56	15	24	39	29	37	22	54	14	26	16	9	61	23	46	49	42	48	47	29	12	14	21	9	40	48	36	6	59	40	33	16	49	19	25	16	34
58	71	50	49	35	57	0	33	69	47	65	41	15	82	41	60	39	44	86	20	45	3	61	31	63	54	40	34	25	8	29	9	36	74	51	43	36	52	17	35	21	59	48	19	26	57	12	70	82	49	23
25	38	45	16	2	24	33	0	36	14	32	20	24	49	50	27	22	33	53	25	28	30	28	8	30	21	55	9	40	25	36	24	41	41	18	16	7	19	30	42	12	26	53	16	27	24	25	37	49	16	20
21	26	55	20	34	12	69	36	0	22	34	28	60	33	60	19	36	43	31	49	24	66	10	38	20	15	65	35	50	61	46	60	51	33	18	26	33	17	52	52	48	10	63	52	43	20	61	23	13	20	46
15	24	49	8	12	10	47	14	22	0	28	16	38	35	54	13	18	37	39	29	24	44	16	16	16	7	59	13	44	39	40	38	45	27	10	12	11	11	34	46	26	12	57	30	31	14	39	23	35	14	24
13	8	21	20	30	30	65	32	34	28	0	44	56	17	26	15	46	21	21	45	52	62	44	34	14	21	31	33	40	57	36	56	29	9	18	40	29	39	48	30	44	36	29	48	39	14	57	11	23	16	42
31	36	65	24	20	16	41	20	28	16	44	0	32	43	70	29	8	53	45	45	8	40	20	28	30	23	75	11	60	33	56	32	61	43	26	4	27	11	50	62	30	18	73	24	47	30	33	33	41	30	40
49	62	43	40	26	48	15	24	60	38	56	32	0	73	48	51	24	35	77	23	36	18	52	22	54	45	53	25	38	7	34	8	39	65	42	34	27	43	28	40	12	50	51	8	25	48	3	61	73	40	18
24	11	32	33	47	29	82	49	33	35	17	43	73	0	41	22	49	38	4	62	51	79	43	51	19	28	42	48	57	74	53	73	46	8	31	39	46	38	65	47	61	35	34	65	56	25	74	12	22	33	59
39	34	9	46	50	56	41	50	60	54	26	70	48	41	0	41	72	17	45	25	78	38	70	42	40	47	5	59	16	41	14	40	9	33	44	66	43	65	24	8	40	62	7	52	23	40	45	37	49	40	30
2	11	36	11	25	15	60	27	19	13	15	29	51	22	41	0	31	24	26	40	37	57	29	29	3	6	46	26	35	52	31	51	32	14	9	25	24	24	43	33	39	21	44	43	34	3	52	10	22	11	37
33	38	67	26	22	24	39	22	36	18	46	8	24	49	72	31	0	55	53	47	12	42	28	30	32	25	77	13	62	31	58	32	63	45	28	10	29	19	52	64	32	26	75	20	49	32	27	37	49	32	42
22	27	12	29	33	39	44	33	43	37	21	53	35	38	17	24	55	0	42	24	61	41	53	25	23	30	22	42	19	36	15	35	8	30	27	49	26	48	27	9	23	45	20	35	18	23	36	26	38	23	21
28	15	36	37	51	29	86	53	31	39	21	45	77	4	45	26	53	42	0	66	49	83	41	55	23	32	46	52	61	78	57	77	50	12	35	43	50	36	69	51	65	33	38	69	60	29	78	16	20	37	63
38	51	30	29	25	37	20	25	49	29	45	45	23	62	25	40	47	24	66	0	53	17	45	17	43	34	30	34	15	16	11	15	16	54	31	41	18	40	5	17	15	39	28	27	6	37	20	50	62	29	5
39	44	73	32	28	22	45	28	24	24	52	8	36	51	78	37	12	61	49	53	0	48	16	36	38	31	83	19	68	37	64	38	69	51	34	12	35	13	58	70	38	16	81	28	55	38	37	41	37	38	48
55	68	47	46	32	54	3	30	66	44	62	40	18	79	38	57	42	41	83	17	48	0	58	28	60	51	37	31	22	11	26	10	33	71	48	40	33	49	14	32	18	56	45	22	23	54	15	67	79	46	20
31	36	65	24	26	14	61	28	10	16	44	20	52	43	70	29	28	53	41	45	16	58	0	30	30	23	75	27	60	53	56	52	61	43	26	18	27	9	50	62	40	8	73	44	47	30	53	33	21	30	40
27	40	37	18	8	26	31	8	38	16	34	28	22	51	42	29	30	25	55	17	36	28	30	0	32	23	47	17	32	23	28	22	33	43	20	24	5	23	22	34	10	28	45	14	19	26	23	39	51	18	12
5	8	35	14	28	16	63	30	20	16	14	30	54	19	40	3	32	23	23	43	38	60	30	32	0	9	45	29	38	55	34	54	31	13	12	26	27	25	46	32	42	22	43	46	37	6	55	7	19	14	40
8	17	42	5	19	9	54	21	15	7	21	23	45	28	47	6	25	30	32	34	31	51	23	23	9	0	52	20	37	46	33	45	38	20	3	19	18	18	37	39	33	15	50	37	28	7	46	16	28	7	31
44	39	10	51	55	61	40	55	65	59	31	75	53	42	5	46	77	22	46	30	83	37	75	47	45	52	0	64	15	46	19	45	14	34	49	71	48	70	25	13	45	67	8	57	28	45	50	42	54	45	35
24	37	54	15	9	23	34	9	35	13	33	11	25	48	59	26	13	42	52	34	19	31	27	17	29	20	64	0	49	26	45	25	50	40	17	9	16	18	39	51	19	25	62	17	36	23	26	36	48	19	29
33	46	25	36	40	46	25	40	50	44	40	60	38	57	16	35	62	19	61	15	68	22	60	32	38	37	15	49	0	31	4	30	11	49	34	56	33	55	10	10	30	52	23	42	13	32	35	45	57	30	20
50	63	42	41	27	49	8	25	61	39	57	33	7	74	41	52	31	36	78	16	37	11	53	23	55	46	46	26	31	0	27	1	32	66	43	35	28	44	21	33	13	51	44	11	18	49	4	62	74	41	15
29	42	21	32	36	42	29	36	46	40	36	56	34	53	14	31	58	15	57	11	64	26	56	28	34	33	19	45	4	27	0	26	7	45	30	52	29	51	12	6	26	48	19	38	9	28	31	41	53	26	16
49	62	41	40	26	48	9	24	60	38	56	32	8	73	40	51	32	35	77	15	38	10	52	22	54	45	45	25	30	1	26	0	31	65	42	34	27	43	20	32	12	50	43	12	17	48	5	61	73	40	14
30	35	14	37	41	47	36	41	51	45	29	61	39	46	9	32	63	8	50	16	69	33	61	33	31	38	14	50	11	32	7	31	0	38	35	57	34	56	19	1	31	53	12	43	14	31	36	34	46	31	21
16	7	24	25	39	29	74	41	33	27	9	43	65	8	33	14	45	30	12	54	51	71	43	43	13	20	34	40	49	66	45	65	38	0	23	39	38	38	57	39	53	35	30	57	48	17	66	10	22	25	51
7	20	39	2	16	12	51	18	18	10	18	26	42	31	44	9	28	27	35	31	34	48	26	20	12	3	49	17	34	43	30	42	35	23	0	22	15	21	34	36	30	18	47	34	25	6	43	19	31	4	28
27	32	61	20	16	14	43	16	26	12	40	4	34	39	66	25	10	49	43	41	12	40	18	24	26	19	71	9	56	35	52	34	57	39	22	0	23	9	46	58	26	16	69	26	43	26	35	29	39	26	36
22	35	38	13	7	21	36	7	33	11	29	27	27	46	43	24	29	26	50	18	35	33	27	5	27	18	48	16	33	28	29	27	34	38	15	23	0	22	23	35	15	23	46	19	20	21	28	34	46	13	13
26	31	60	19	17	9	52	19	17	11	39	11	43	38	65	24	19	48	36	40	13	49	9	23	25	18	70	18	55	44	51	43	56	38	21	9	22	0	45	57	31	7	68	35	42	25	44	28	30	25	35
41	54	33	32	30	40	17	30	52	34	48	50	28	65	24	43	52	27	69	5	58	14	50	22	46	37	25	39	10	21	12	20	19	57	34	46	23	45	0	18	20	42	31	32	9	40	25	53	65	32	10
31	36	15	38	42	48	35	42	52	46	30	62	40	47	8	33	64	9	51	17	70	32	62	34	32	39	13	51	10	33	6	32	1	39	36	58	35	57	18	0	32	54	13	44	15	32	37	35	47	32	22
37	50	35	28	14	36	21	12	48	26	44	30	12	61	40	39	32	23	65	15	38	18	40	10	42	33	45	19	30	13	26	12	31	53	30	26	15	31	20	32	0	38	43	12	17	36	13	49	61	28	10
23	28	57	16	24	6	59	26	10	12	36	18	50	35	62	21	26	45	33	39	16	56	8	28	22	15	67	25	52	51	48	50	53	35	18	16	23	7	42	54	38	0	65	42	39	22	51	25	23	22	36
42	37	8	49	53	59	48	53	63	57	29	73	51	34	7	44	75	20	38	28	81	45	73	45	43	50	8	62	23	44	19	43	12	30	47	69	46	68	31	13	43	65	0	55	26	43	48	40	52	43	33
41	54	47	32	18	40	19	16	52	30	48	24	8	65	52	43	20	35	69	27	28	22	44	14	46	37	57	17	42	11	38	12	43	57	34	26	19	35	32	44	12	42	55	0	29	40	9	53	65	32	22
32	45	24	23	27	33	26	27	43	31	39	47	25	56	23	34	49	18	60	6	55	23	47	19	37	28	28	36	13	18	9	17	14	48	25	43	20	42	9	15	17	39	26	29	0	31	22	44	56	23	7
1	14	35	8	22	16	57	24	20	14	14	30	48	25	40	3	32	23	29	37	38	54	30	26	6	7	45	23	32	49	28	48	31	17	6	26	21	25	40	32	36	22	43	40	31	0	49	13	25	8	34
50	63	42	41	27	49	12	25	61	39	57	33	3	74	45	52	27	36	78	20	37	15	53	23	55	46	50	26	35	4	31	5	36	66	43	35	28	44	25	37	13	51	48	9	22	49	0	62	74	41	15
12	3	32	21	35	19	70	37	23	23	11	33	61	12	37	10	37	26	16	50	41	67	33	39	7	16	42	36	45	62	41	61	34	10	19	29	34	28	53	35	49	25	40	53	44	13	62	0	12	21	47
24	15	44	33	47	25	82	49	13	35	23	41	73	22	49	22	49	38	20	62	37	79	21	51	19	28	54	48	57	74	53	73	46	22	31	39	46	30	65	47	61	23	52	65	56	25	74	12	0	33	59
9	22	35	6	14	16	49	16	20	14	16	30	40	33	40	11	32	23	37	29	38	46	30	18	14	7	45	19	30	41	26	40	31	25	4	26	13	25	32	32	28	22	43	32	23	8	41	21	33	0	26
35	48	27	26	20	34	23	20	46	24	42	40	18	59	30	37	42	21	63	5	48	20	40	12	40	31	35	29	20	15	16	14	21	51	28	36	13	35	10	22	10	36	33	22	7	34	15	47	59	26	0
