n	50
m	51
j	a	b	d	k
0	5	55	4463	3
1	5	55	4273	33
2	5	55	634	23
3	5	55	2054	11
4	5	55	1850	17
5	5	55	387	6
6	5	55	2006	29
7	5	55	175	17
8	5	55	2193	26
9	5	55	427	36
10	5	55	4753	47
11	5	55	3129	21
12	5	55	745	46
13	5	55	3274	13
14	5	55	55	33
15	5	55	1693	6
16	5	55	4933	31
17	5	55	2305	12
18	5	55	3960	38
19	5	55	2564	25
20	5	55	1163	40
21	5	55	334	19
22	5	55	482	2
23	5	55	401	4
24	5	55	4325	24
25	5	55	2503	2
26	5	55	849	9
27	5	55	4945	1
28	5	55	4028	10
29	5	55	4620	35
30	5	55	3309	19
31	5	55	4584	28
32	5	55	1856	50
33	5	55	1906	19
34	5	55	1486	0
35	5	55	474	12
36	5	55	290	49
37	5	55	4419	20
38	5	55	136	0
39	5	55	429	45
40	5	55	1413	9
41	5	55	2296	8
42	5	55	4957	34
43	5	55	3561	2
44	5	55	2369	50
45	5	55	3317	9
46	5	55	3782	41
47	5	55	792	27
48	5	55	1933	17
49	5	55	539	36
K
0	78	31	36	44	41	16	24	41	26	27	44	44	17	38	59	56	55	64	21	45	8	47	41	53	14	66	32	28	22	57	14	49	13	52	67	10	56	45	6	59	27	77	16	14	19	24	12	43	61	49
78	0	59	42	44	37	62	64	37	52	51	38	42	61	40	19	22	39	14	57	33	70	31	49	25	64	12	46	50	56	31	66	29	65	26	11	68	24	33	72	19	55	11	72	64	59	54	66	35	33	29
31	59	0	17	75	22	33	7	66	27	10	75	25	38	69	40	37	36	51	22	46	29	28	10	40	29	47	37	27	47	38	45	30	38	33	48	27	61	56	37	40	4	58	47	45	28	7	29	24	42	56
36	42	17	0	76	17	34	22	67	28	11	76	8	39	70	33	20	19	52	23	47	30	15	9	41	30	30	38	28	48	21	46	13	39	16	39	28	62	57	38	35	13	41	48	46	29	12	30	23	25	57
44	44	75	76	0	59	42	68	9	48	65	8	80	37	6	43	58	77	30	53	29	46	61	85	35	46	48	38	48	28	69	30	67	37	62	37	48	22	19	38	41	71	49	28	30	47	68	46	53	71	19
41	37	22	17	59	0	25	27	50	15	14	59	21	24	53	18	15	18	35	20	30	33	6	26	24	27	25	21	13	31	16	29	8	28	11	26	31	45	40	35	18	18	36	35	29	22	17	29	6	20	40
16	62	33	34	42	25	0	26	33	10	23	42	38	5	36	43	40	39	48	11	29	8	31	43	37	4	50	16	12	14	41	12	33	5	36	51	6	40	29	10	43	29	61	14	12	5	26	4	27	45	33
24	64	7	22	68	27	26	0	59	20	13	68	30	31	62	45	42	41	50	15	39	22	33	17	39	22	52	30	20	40	43	38	35	31	38	53	20	54	49	30	45	9	63	40	38	21	10	22	29	47	49
41	37	66	67	9	50	33	59	0	39	56	9	71	28	3	34	49	68	23	44	20	37	52	76	26	37	39	29	39	19	60	29	58	28	53	28	39	15	10	35	32	62	40	35	27	38	59	37	44	62	10
26	52	27	28	48	15	10	20	39	0	17	48	32	11	42	33	30	29	38	5	19	18	21	37	27	12	40	10	2	20	31	18	23	13	26	41	16	34	29	20	33	23	51	20	18	7	20	14	17	35	29
27	51	10	11	65	14	23	13	56	17	0	65	17	28	59	32	29	28	41	12	36	19	20	20	30	19	39	27	17	37	30	35	22	28	25	40	17	51	46	27	32	6	50	37	35	18	3	19	16	34	46
44	38	75	76	8	59	42	68	9	48	65	0	80	37	6	43	58	77	24	53	29	46	61	85	35	46	48	38	48	28	69	30	67	37	62	37	48	14	19	38	41	71	49	36	30	47	68	46	53	71	19
44	42	25	8	80	21	38	30	71	32	17	80	0	43	74	37	22	11	56	27	51	36	19	15	45	34	32	42	32	52	13	50	13	43	18	43	34	66	61	42	39	21	33	52	50	33	20	34	27	17	61
17	61	38	39	37	24	5	31	28	11	28	37	43	0	31	42	39	40	47	16	28	9	30	48	36	9	49	15	11	9	40	7	32	4	35	50	11	39	28	11	42	34	60	11	7	10	31	9	26	44	32
38	40	69	70	6	53	36	62	3	42	59	6	74	31	0	37	52	71	26	47	23	40	55	79	29	40	42	32	42	22	63	26	61	31	56	31	42	18	13	32	35	65	43	32	24	41	62	40	47	65	13
59	19	40	33	43	18	43	45	34	33	32	43	37	42	37	0	15	34	19	38	14	51	18	42	8	45	7	27	31	37	26	47	24	46	19	8	49	29	24	53	2	36	18	53	45	40	35	47	16	28	24
56	22	37	20	58	15	40	42	49	30	29	58	22	39	52	15	0	19	34	35	29	48	9	27	23	42	10	24	28	34	11	44	9	43	4	21	46	44	39	50	17	33	21	50	42	37	32	44	13	13	39
55	39	36	19	77	18	39	41	68	29	28	77	11	40	71	34	19	0	53	34	48	47	16	26	42	41	29	39	29	49	8	47	10	42	15	40	45	63	58	49	36	32	28	49	47	36	31	43	24	6	58
64	14	51	52	30	35	48	50	23	38	41	24	56	47	26	19	34	53	0	43	19	56	37	61	11	50	24	32	36	42	45	52	43	51	38	13	54	10	19	58	17	47	25	58	50	45	44	52	29	47	15
21	57	22	23	53	20	11	15	44	5	12	53	27	16	47	38	35	34	43	0	24	13	26	32	32	7	45	15	7	25	36	23	28	16	31	46	11	39	34	15	38	18	56	25	23	6	15	9	22	40	34
45	33	46	47	29	30	29	39	20	19	36	29	51	28	23	14	29	48	19	24	0	37	32	56	8	31	21	13	19	23	40	33	38	32	33	22	35	15	10	39	14	42	32	39	31	26	39	33	24	42	10
8	70	29	30	46	33	8	22	37	18	19	46	36	9	40	51	48	47	56	13	37	0	39	39	45	6	58	24	20	18	49	16	41	9	44	59	2	48	37	8	51	25	69	18	16	11	22	4	35	53	41
47	31	28	15	61	6	31	33	52	21	20	61	19	30	55	18	9	16	37	26	32	39	0	24	26	33	19	23	19	33	10	35	6	34	5	24	37	47	42	41	20	24	30	41	33	28	23	35	8	14	42
41	49	10	9	85	26	43	17	76	37	20	85	15	48	79	42	27	26	61	32	56	39	24	0	50	39	37	47	37	57	28	55	20	48	23	48	37	71	66	47	44	14	48	57	55	38	17	39	32	32	66
53	25	40	41	35	24	37	39	26	27	30	35	45	36	29	8	23	42	11	32	8	45	26	50	0	39	13	21	25	31	34	41	32	40	27	14	43	21	16	47	6	36	24	47	39	34	33	41	18	36	16
14	64	29	30	46	27	4	22	37	12	19	46	34	9	40	45	42	41	50	7	31	6	33	39	39	0	52	18	14	18	43	16	35	9	38	53	4	42	31	8	45	25	63	18	16	5	22	2	29	47	35
66	12	47	30	48	25	50	52	39	40	39	48	32	49	42	7	10	29	24	45	21	58	19	37	13	52	0	34	38	44	21	54	19	53	14	11	56	34	29	60	7	43	11	60	52	47	42	54	23	23	29
32	46	37	38	38	21	16	30	29	10	27	38	42	15	32	27	24	39	32	15	13	24	23	47	21	18	34	0	10	10	31	20	29	19	24	35	22	24	19	26	27	33	45	26	18	13	30	20	15	33	19
28	50	27	28	48	13	12	20	39	2	17	48	32	11	42	31	28	29	36	7	19	20	19	37	25	14	38	10	0	20	29	18	21	15	24	39	18	34	29	22	31	23	49	22	18	9	20	16	15	33	29
22	56	47	48	28	31	14	40	19	20	37	28	52	9	22	37	34	49	42	25	23	18	33	57	31	18	44	10	20	0	41	10	39	9	34	45	20	34	23	16	37	43	55	16	8	19	40	18	25	43	27
57	31	38	21	69	16	41	43	60	31	30	69	13	40	63	26	11	8	45	36	40	49	10	28	34	43	21	31	29	41	0	45	8	44	7	32	47	55	50	51	28	34	20	51	43	38	33	45	16	4	50
14	66	45	46	30	29	12	38	29	18	35	30	50	7	26	47	44	47	52	23	33	16	35	55	41	16	54	20	18	10	45	0	37	7	40	55	18	44	33	8	47	41	65	6	2	17	38	16	31	49	37
49	29	30	13	67	8	33	35	58	23	22	67	13	32	61	24	9	10	43	28	38	41	6	20	32	35	19	29	21	39	8	37	0	36	5	30	39	53	48	43	26	26	28	43	37	30	25	37	14	12	48
13	65	38	39	37	28	5	31	28	13	28	37	43	4	31	46	43	42	51	16	32	9	34	48	40	9	53	19	15	9	44	7	36	0	39	54	11	43	32	7	46	34	64	9	7	10	31	9	30	48	36
52	26	33	16	62	11	36	38	53	26	25	62	18	35	56	19	4	15	38	31	33	44	5	23	27	38	14	24	24	34	7	40	5	39	0	25	42	48	43	46	21	29	25	46	38	33	28	40	9	9	43
67	11	48	39	37	26	51	53	28	41	40	37	43	50	31	8	21	40	13	46	22	59	24	48	14	53	11	35	39	45	32	55	30	54	25	0	57	23	22	61	8	44	12	61	53	48	43	55	24	34	18
10	68	27	28	48	31	6	20	39	16	17	48	34	11	42	49	46	45	54	11	35	2	37	37	43	4	56	22	18	20	47	18	39	11	42	57	0	46	35	10	49	23	67	20	18	9	20	2	33	51	39
56	24	61	62	22	45	40	54	15	34	51	14	66	39	18	29	44	63	10	39	15	48	47	71	21	42	34	24	34	34	55	44	53	43	48	23	46	0	11	50	27	57	35	50	42	37	54	44	39	57	7
45	33	56	57	19	40	29	49	10	29	46	19	61	28	13	24	39	58	19	34	10	37	42	66	16	31	29	19	29	23	50	33	48	32	43	22	35	11	0	39	22	52	32	39	31	28	49	33	34	52	4
6	72	37	38	38	35	10	30	35	20	27	38	42	11	32	53	50	49	58	15	39	8	41	47	47	8	60	26	22	16	51	8	43	7	46	61	10	50	39	0	53	33	71	10	8	13	30	8	37	55	43
59	19	40	35	41	18	43	45	32	33	32	41	39	42	35	2	17	36	17	38	14	51	20	44	6	45	7	27	31	37	28	47	26	46	21	8	49	27	22	53	0	36	18	53	45	40	35	47	16	30	22
27	55	4	13	71	18	29	9	62	23	6	71	21	34	65	36	33	32	47	18	42	25	24	14	36	25	43	33	23	43	34	41	26	34	29	44	23	57	52	33	36	0	54	43	41	24	3	25	20	38	52
77	11	58	41	49	36	61	63	40	51	50	49	33	60	43	18	21	28	25	56	32	69	30	48	24	63	11	45	49	55	20	65	28	64	25	12	67	35	32	71	18	54	0	71	63	58	53	65	34	22	30
16	72	47	48	28	35	14	40	35	20	37	36	52	11	32	53	50	49	58	25	39	18	41	57	47	18	60	26	22	16	51	6	43	9	46	61	20	50	39	10	53	43	71	0	8	19	40	18	37	55	43
14	64	45	46	30	29	12	38	27	18	35	30	50	7	24	45	42	47	50	23	31	16	33	55	39	16	52	18	18	8	43	2	37	7	38	53	18	42	31	8	45	41	63	8	0	17	38	16	29	47	35
19	59	28	29	47	22	5	21	38	7	18	47	33	10	41	40	37	36	45	6	26	11	28	38	34	5	47	13	9	19	38	17	30	10	33	48	9	37	28	13	40	24	58	19	17	0	21	7	24	42	30
24	54	7	12	68	17	26	10	59	20	3	68	20	31	62	35	32	31	44	15	39	22	23	17	33	22	42	30	20	40	33	38	25	31	28	43	20	54	49	30	35	3	53	40	38	21	0	22	19	37	49
12	66	29	30	46	29	4	22	37	14	19	46	34	9	40	47	44	43	52	9	33	4	35	39	41	2	54	20	16	18	45	16	37	9	40	55	2	44	33	8	47	25	65	18	16	7	22	0	31	49	37
43	35	24	23	53	6	27	29	44	17	16	53	27	26	47	16	13	24	29	22	24	35	8	32	18	29	23	15	15	25	16	31	14	30	9	24	33	39	34	37	16	20	34	37	29	24	19	31	0	18	34
61	33	42	25	71	20	45	47	62	35	34	71	17	44	65	28	13	6	47	40	42	53	14	32	36	47	23	33	33	43	4	49	12	48	9	34	51	57	52	55	30	38	22	55	47	42	37	49	18	0	52
49	29	56	57	19	40	33	49	10	29	46	19	61	32	13	24	39	58	15	34	10	41	42	66	16	35	29	19	29	27	50	37	48	36	43	18	39	7	4	43	22	52	30	43	35	30	49	37	34	52	0
