n	10
m	11
j	a	b	d	k
0	56	34	31	2
1	96	44	610	9
2	93	62	335	3
3	74	35	670	3
4	31	90	40	0
5	25	87	135	9
6	34	49	216	10
7	39	33	320	8
8	56	17	177	6
9	25	74	574	10
K
0	43	23	42	35	21	39	51	35	36	40
43	0	50	15	30	28	34	46	30	41	49
23	50	0	49	22	22	24	28	22	59	17
42	15	49	0	27	27	25	43	27	56	48
35	30	22	27	0	14	4	16	0	71	21
21	28	22	27	14	0	18	30	14	57	21
39	34	24	25	4	18	0	18	4	75	23
51	46	28	43	16	30	18	0	16	87	11
35	30	22	27	0	14	4	16	0	71	21
36	41	59	56	71	57	75	87	71	0	76
40	49	17	48	21	21	23	11	21	76	0
