Time(s)	0.075
Solution
s	18	38	22	39	8	46	29	28	49	47	26	25	9	35	30	45	15	23	7	34	12	1	5	20	41	2	3	48	43	31	40	4	13	21	11	32	42	10	19	37	14	24	6	0	16	27	36	44	17	33	
r	8	39	29	8	28	18	46	38	22	3	26	49	47	7	15	45	30	23	35	25	9	2	34	7	5	5	1	41	20	12	7	31	40	43	4	3	48	2	1	13	4	42	21	11	32	7	37	24	19	14	10	6	0	5	17	16	27	44	36	1	33	0	0	0	0	0	0	0	0	0	0	0	0	0	0	0	0	0	0	0	0	0	0	0	0	0	0	0	0	0	0	0	0	0	0	0	0	0	0	0	
c	2493	1307	1572	1658	1912	1359	2423	1107	362	829	2158	2070	1210	1960	2343	1019	2582	2886	101	2229	1435	2057	262	1054	2420	786	690	2658	532	438	991	1788	2091	2924	1187	898	2756	2276	197	361	1841	1516	2121	1765	2823	992	390	607	1744	546	
C	2685	1624	2092	2092	2092	1624	2685	1316	802	1212	2685	2284	1624	2212	2685	1212	3032	3032	802	2685	1624	2284	802	1212	2685	1212	962	3032	802	802	1212	2092	2284	3032	1316	1212	3032	2685	802	802	2092	1624	2284	2092	3032	1212	802	962	2092	962	
l	2606	1574	2011	2046	2050	1600	2623	1298	799	1193	2606	2227	1595	2165	2622	1130	2939	2940	797	2608	1575	2224	801	1152	2607	1159	934	2958	802	788	1117	2028	2227	2955	1297	1198	2946	2606	797	801	2052	1592	2225	2050	2946	1197	801	927	2052	954	
v	1421
w	468
%v	46%
%w	15%
SumT	89197
