Time(s)	0.076
Solution
s	8	49	37	35	33	17	48	22	40	19	43	14	31	25	20	28	18	34	29	36	10	21	45	38	6	41	23	15	1	3	32	12	47	16	24	11	30	27	39	0	7	9	2	44	5	46	42	13	4	26	
r	6	8	37	49	35	33	17	3	40	48	22	5	19	14	43	31	25	8	34	18	10	28	21	29	20	36	4	38	6	41	45	4	1	23	15	3	5	24	16	47	12	32	1	11	8	7	2	27	44	9	39	0	30	3	5	46	42	3	26	13	4	0	0	0	0	0	0	0	0	0	0	0	0	0	0	0	0	0	0	0	0	0	0	0	0	0	0	0	0	0	0	0	0	0	0	0	0	0	0	0	
c	1975	1415	2239	1478	2481	2341	1276	2073	95	2141	1095	1792	1578	2462	687	1400	1739	306	1050	547	894	1141	468	1390	1748	858	2529	1884	955	1068	1863	763	1548	264	1057	237	1079	225	1268	1905	518	1296	2424	616	2251	1196	2400	1639	345	157	
C	2397	1548	2397	1548	2726	2564	1447	2397	486	2397	1359	2016	1960	2726	932	1548	1960	486	1359	932	1359	1359	580	1548	1960	932	2726	2397	1359	1359	2397	932	1960	486	1359	486	1359	486	1447	2397	580	1447	2564	932	2397	1447	2564	1960	580	486	
l	2335	1502	2336	1512	2638	2472	1422	2367	485	2340	1282	1990	1900	2683	893	1512	1896	485	1351	874	1262	1345	576	1523	1889	926	2638	2343	1282	1340	2331	847	1934	390	1352	486	1262	390	1428	2329	498	1415	2533	846	2332	1392	2490	1898	507	486	
v	1223
w	266
%v	44%
%w	9%
SumT	76545
