Time(s)	0.075
Solution
s	8	29	37	9	26	28	6	4	10	44	30	1	17	42	49	45	35	22	2	13	16	40	21	19	32	39	38	11	25	31	48	15	18	34	0	41	47	46	7	14	24	12	23	3	20	5	36	27	33	43	
r	10	6	4	9	44	29	28	10	8	26	37	1	30	7	49	35	1	45	17	22	42	7	21	40	32	13	2	19	16	8	48	18	25	11	38	31	39	15	4	47	34	0	41	5	14	46	12	24	7	1	23	2	20	3	3	5	36	27	2	43	33	0	0	0	0	0	0	0	0	0	0	0	0	0	0	0	0	0	0	0	0	0	0	0	0	0	0	0	0	0	0	0	0	0	0	0	0	0	0	0	
c	1945	596	939	2446	395	2531	389	2238	28	121	446	1491	2391	1003	2293	1700	1074	681	1767	1193	2486	1137	867	2443	2372	1578	214	2629	299	49	533	1607	1255	2706	1859	798	2623	89	1411	1334	1099	2016	774	2799	517	780	2183	2092	1645	776	
C	2248	1013	1529	2647	691	2721	691	2509	691	691	691	1939	2509	1529	2509	1939	1529	1013	1939	1529	2647	1529	1013	2509	2509	1939	691	2721	691	691	691	1939	1529	2875	2248	1013	2721	691	1939	1939	1529	2248	1013	2875	691	1013	2509	2248	1939	1013	
l	2225	964	1491	2570	677	2637	683	2428	619	605	680	1909	2447	1486	2443	1859	1451	996	1903	1511	2563	1433	970	2432	2451	1901	639	2641	684	643	683	1914	1482	2784	2224	919	2641	684	1918	1844	1488	2227	938	2794	680	921	2444	2223	1913	962	
v	1519
w	265
%v	52%
%w	9%
SumT	81624
