Time(s)	0.076
Solution
s	21	37	3	8	4	11	9	29	42	16	31	25	34	33	5	14	6	49	30	10	0	47	1	24	7	36	15	39	19	26	2	12	40	28	32	13	17	45	35	22	20	48	38	18	46	44	27	23	43	41	
r	7	11	4	9	8	37	21	3	9	16	31	25	42	33	14	34	29	5	7	49	0	47	6	10	1	30	4	7	36	15	24	1	39	1	19	6	32	26	28	12	40	2	1	13	6	45	35	17	20	22	48	6	27	46	38	23	18	44	1	43	1	41	0	0	0	0	0	0	0	0	0	0	0	0	0	0	0	0	0	0	0	0	0	0	0	0	0	0	0	0	0	0	0	0	0	0	0	0	0	0	
c	981	1078	1582	168	256	595	714	1199	223	377	965	356	1657	1861	683	1356	441	1873	2328	1454	2065	70	2020	2528	1117	461	1543	2491	1709	394	880	450	1762	515	487	1979	1274	93	2253	1445	1708	2615	402	2535	2455	1968	2380	1004	2163	801	
C	1168	1168	1924	611	611	997	1168	1504	611	611	1168	611	1924	1924	997	1504	997	2269	2676	1546	2269	611	2269	2676	1504	997	1924	2676	1924	997	1168	997	1924	997	997	2269	1504	611	2676	1546	1924	2768	997	2676	2676	2269	2676	1168	2269	1168	
l	1146	1111	1858	552	535	898	1144	1485	554	610	1156	536	1861	1884	990	1490	995	2178	2603	1519	2222	550	2224	2594	1491	917	1889	2604	1862	988	1088	970	1863	980	904	2174	1485	547	2609	1529	1888	2688	971	2598	2594	2227	2603	1116	2228	1149	
v	1362
w	416
%v	49%
%w	15%
SumT	76657
