Time(s)	0.075
Solution
s	46	48	9	28	11	2	30	8	7	49	41	37	12	47	42	36	34	29	40	32	1	27	31	0	20	22	18	26	24	13	4	3	10	35	43	21	25	33	15	44	14	45	23	39	38	5	19	6	17	16	
r	5	46	48	9	28	11	6	41	49	2	7	30	8	4	12	37	47	42	4	34	40	29	36	2	32	1	4	20	0	31	27	2	22	18	9	13	3	4	35	10	43	26	21	24	1	25	3	15	33	44	2	45	14	2	23	39	2	5	38	4	17	19	6	16	0	0	0	0	0	0	0	0	0	0	0	0	0	0	0	0	0	0	0	0	0	0	0	0	0	0	0	0	0	0	0	0	0	0	0	0	
c	1514	1293	322	1911	1905	2613	2721	571	480	204	1929	277	905	1817	2221	2152	2895	2803	1736	2634	1562	2090	1662	2408	1756	2095	1748	1340	209	1219	415	1440	1290	2145	1123	1969	1086	806	2517	2480	1221	727	1006	2022	2167	2320	41	985	110	667	
C	1678	1381	829	2248	2248	2643	3013	829	829	443	2248	443	1140	2248	2460	2396	3013	3013	1836	3013	1678	2248	1836	2546	2248	2268	2248	1678	443	1331	829	1678	1381	2396	1331	2248	1331	1140	2643	2546	1331	829	1140	2248	2396	2460	443	1140	443	829	
l	1609	1358	758	2158	2216	2567	2930	756	737	439	2161	398	1122	2193	2409	2333	2929	2930	1807	2917	1624	2192	1806	2481	2191	2232	2210	1651	441	1303	769	1627	1358	2344	1272	2214	1308	1075	2563	2469	1306	760	1046	2215	2350	2408	443	1124	434	821	
v	1610
w	368
%v	53%
%w	12%
SumT	84764
