Time(s)	0.075
Solution
s	47	22	7	14	34	13	5	15	0	48	39	19	32	18	38	44	26	27	35	8	11	21	12	31	3	33	28	17	49	9	10	30	1	16	36	46	37	25	40	45	4	29	20	41	6	43	42	23	24	2	
r	6	47	7	13	14	22	34	1	5	12	0	19	44	15	32	18	35	27	26	39	48	38	12	8	31	11	21	3	10	33	49	9	17	12	28	3	16	30	1	1	36	4	25	37	40	46	4	20	45	4	29	7	43	42	24	41	23	2	6	0	0	0	0	0	0	0	0	0	0	0	0	0	0	0	0	0	0	0	0	0	0	0	0	0	0	0	0	0	0	0	0	0	0	0	0	0	0	0	0	0	
c	529	1722	2622	1313	2129	344	2386	169	925	1544	1602	956	1139	314	226	433	1750	1443	801	703	2252	1056	109	2540	2568	1933	822	835	1398	2169	1702	1224	796	1389	268	895	1754	1866	806	613	2013	2351	2533	2458	814	2105	1807	34	573	1491	
C	1091	1882	2876	1810	2380	458	2876	448	1810	1810	1810	1810	1810	448	448	1091	1882	1810	1091	1091	2380	1810	448	2876	2876	2179	1091	1091	1810	2380	1882	1810	1091	1810	448	1091	1882	2179	1091	1091	2179	2876	2876	2876	1091	2380	2179	448	1091	1810	
l	1084	1786	2806	1784	2289	455	2792	375	1769	1735	1723	1779	1792	375	373	1061	1835	1768	1062	1084	2320	1722	349	2793	2793	2121	1014	1013	1768	2289	1833	1753	1083	1719	445	1080	1835	2104	1015	1064	2115	2792	2806	2798	1075	2312	2122	349	1004	1756	
v	1674
w	292
%v	58%
%w	10%
SumT	80969
