Time(s)	0.073
Solution
s	16	36	20	22	42	27	28	6	19	10	9	49	13	37	12	25	7	40	34	29	21	8	43	2	44	46	23	30	32	45	14	17	41	4	48	0	11	39	3	33	15	5	38	1	31	18	47	26	24	35	
r	11	19	27	42	36	20	10	9	22	28	16	6	12	43	49	34	13	7	29	25	40	37	12	21	8	6	30	46	44	32	23	2	5	41	17	45	14	4	2	48	0	1	11	4	15	3	39	33	6	5	18	31	38	1	47	1	26	2	24	35	0	0	0	0	0	0	0	0	0	0	0	0	0	0	0	0	0	0	0	0	0	0	0	0	0	0	0	0	0	0	0	0	0	0	0	0	0	0	0	0	
c	1778	2310	1298	2012	1713	2216	422	1076	1201	591	508	1856	888	727	1649	2180	39	1662	2371	445	191	1187	214	1516	2580	986	2549	345	408	1181	1519	2326	1557	2094	1175	2707	118	799	2306	1938	1174	1675	288	1217	1363	1646	1453	2488	1741	629	
C	1957	2640	1687	2284	1891	2640	785	1431	1431	785	785	1999	1431	1431	1891	2284	785	1891	2640	785	785	1431	785	1687	2743	1431	2656	785	785	1431	1687	2640	1687	2284	1431	2743	785	1431	2640	2284	1431	1891	785	1431	1687	1891	1687	2640	1957	1431	
l	1900	2568	1672	2193	1840	2570	705	1381	1424	756	781	1942	1344	1404	1870	2222	702	1870	2578	760	696	1383	739	1620	2650	1387	2580	776	744	1407	1620	2580	1622	2225	1385	2653	705	1381	2565	2209	1424	1835	729	1383	1635	1871	1675	2565	1914	1403	
v	1572
w	305
%v	57%
%w	11%
SumT	81843
