Time(s)	0.076
Solution
s	17	46	38	37	18	2	44	0	48	11	21	16	26	6	9	30	1	14	25	49	24	15	42	13	36	32	12	45	47	43	40	19	39	23	22	4	34	33	7	5	3	8	29	31	27	35	10	28	41	20	
r	8	18	2	37	44	46	0	38	17	6	11	21	48	6	26	16	5	9	30	14	25	1	10	47	32	15	36	12	13	45	42	24	49	3	40	19	43	5	39	22	23	34	4	1	33	1	7	3	3	8	5	7	10	29	31	28	41	27	35	1	20	0	0	0	0	0	0	0	0	0	0	0	0	0	0	0	0	0	0	0	0	0	0	0	0	0	0	0	0	0	0	0	0	0	0	0	0	0	0	0	
c	532	1003	384	2460	2181	2450	847	2369	2508	878	2697	671	1512	1480	1029	1311	770	53	280	1817	2865	766	2097	2003	1211	1075	808	2671	2735	2585	940	2664	1500	2311	2221	2684	1489	271	188	1917	1697	2810	1380	1628	440	1556	125	1627	619	1121	
C	762	1253	762	2578	2321	2578	1033	2369	2578	1253	3002	1033	1801	1801	1253	1801	1033	762	762	1921	3002	1033	2321	2321	1801	1253	1033	3002	3002	3002	1253	3002	1801	2367	2321	3002	1801	762	762	2321	1921	3002	1801	1921	762	1801	762	1801	1033	1801	
l	676	1175	756	2542	2247	2547	1005	2344	2544	1172	2963	986	1731	1717	1176	1786	938	756	752	1843	2956	959	2301	2289	1777	1173	1025	2970	2955	2964	1238	2961	1715	2347	2260	2965	1745	754	735	2256	1904	2968	1733	1843	732	1734	736	1716	1005	1748	
v	1669
w	147
%v	55%
%w	4%
SumT	88120
