Time(s)	0.075
Solution
s	5	4	31	41	16	30	3	24	0	20	17	1	37	47	49	10	32	44	28	23	19	22	12	25	29	27	40	9	2	34	35	21	13	15	42	39	36	33	38	8	48	45	6	7	18	14	46	26	11	43	
r	3	31	5	4	6	3	30	41	24	16	0	10	28	17	47	49	20	37	44	1	32	10	1	23	8	22	40	27	29	25	12	9	19	4	34	2	35	21	5	36	13	39	15	42	5	33	8	45	48	38	3	18	7	6	1	14	2	26	46	1	11	1	43	0	0	0	0	0	0	0	0	0	0	0	0	0	0	0	0	0	0	0	0	0	0	0	0	0	0	0	0	0	0	0	0	0	0	0	0	0	
c	507	759	1601	375	98	48	2425	2523	2267	1512	972	2818	1243	1847	2564	1901	244	667	2535	1197	574	1775	1240	1150	433	1247	2737	1334	1106	1283	302	119	1010	2120	1618	1636	2080	842	2183	1992	1404	190	1980	2865	1056	2369	2641	935	2355	946	
C	717	1226	1893	717	235	235	2677	2677	2505	1696	1226	2851	1696	2284	2677	2284	717	1226	2677	1696	1226	1893	1696	1302	717	1696	2851	1696	1226	1696	717	235	1226	2505	1893	1893	2284	1226	2505	2284	1696	717	2284	2865	1226	2505	2851	1226	2505	1226	
l	715	1150	1830	712	210	215	2618	2617	2465	1664	1219	2785	1616	2212	2620	2262	670	1131	2620	1685	1201	1842	1637	1297	689	1616	2788	1615	1151	1687	677	235	1216	2462	1828	1873	2213	1221	2468	2212	1615	635	2261	2786	1213	2466	2778	1133	2454	1128	
v	1397
w	222
%v	48%
%w	7%
SumT	83413
