Time(s)	0.076
Solution
s	20	31	30	45	5	9	18	49	28	42	34	10	16	8	39	2	46	41	25	29	27	33	1	19	38	24	3	43	7	26	36	37	47	32	0	40	17	21	11	14	6	15	23	35	13	48	4	44	22	12	
r	7	31	18	45	30	5	9	20	11	10	16	34	46	2	49	42	41	39	8	28	2	25	29	7	33	1	24	27	38	19	3	3	43	26	7	1	36	2	47	37	3	32	40	0	1	17	6	23	15	11	6	21	14	3	48	13	35	2	4	44	1	22	1	12	0	0	0	0	0	0	0	0	0	0	0	0	0	0	0	0	0	0	0	0	0	0	0	0	0	0	0	0	0	0	0	0	0	0	0	0	
c	2057	1363	820	1511	2716	363	2525	1519	725	391	688	2341	3000	2628	2438	2561	706	2195	462	1457	104	2257	2902	2621	1466	1091	1657	1253	538	1187	258	177	1961	1281	683	2624	1735	1825	1459	763	2134	1004	585	1513	2813	338	912	1887	2634	512	
C	2266	1737	1182	1737	3023	660	2755	1873	1182	660	1182	2755	3023	2905	2755	2755	1182	2388	660	1737	660	2755	3023	2755	1737	1321	1873	1737	1182	1321	660	660	2266	1737	1182	2905	1999	2115	1737	1182	2266	1182	1182	1873	3023	660	1182	2115	2905	1182	
l	2236	1698	1103	1701	2976	583	2691	1858	1099	625	1104	2691	2941	2815	2712	2695	1103	2357	658	1644	627	2711	2949	2695	1651	1309	1849	1644	1115	1276	613	570	2226	1725	1100	2858	1980	2092	1652	1173	2225	1169	1101	1855	2968	612	1174	2092	2815	1169	
v	1149
w	758
%v	38%
%w	25%
SumT	88285
