Time(s)	0
Solution
s	17	28	49	27	12	33	37	20	25	42	31	30	21	36	34	29	32	4	11	14	1	44	19	45	6	0	38	43	35	13	10	7	48	24	16	8	5	9	39	15	2	3	46	18	23	41	47	40	22	26	
r	1	17	2	49	28	1	27	1	12	1	33	1	37	1	20	1	25	2	31	42	2	21	30	1	36	1	34	1	29	1	32	2	11	4	1	14	1	1	1	44	1	19	2	45	6	3	38	43	0	3	10	35	13	2	48	7	2	16	24	2	5	8	3	15	39	9	1	2	3	18	46	3	1	23	2	47	41	2	22	40	1	26	0	0	0	0	0	0	0	0	0	0	0	0	0	0	0	0	0	0	
c	2002	1548	2231	2276	1285	2099	1906	2024	2074	2127	2018	1369	305	2013	1466	2191	2055	65	2380	1739	507	857	2729	2440	2037	594	2823	207	91	1129	795	714	1203	333	1033	2009	935	423	2004	2155	2640	2501	641	2006	1645	1819	2324	2563	2030	141	
C	2150	1634	2762	2926	1453	2582	1966	2432	2582	2706	2278	1453	365	2278	1590	2706	2484	187	2926	1895	663	969	3160	2938	2484	797	3284	365	291	1277	969	883	1369	409	1143	2278	1095	539	2150	2706	3160	3054	883	2150	1761	1966	2926	3054	2432	291	
l	2120	1595	2683	2890	1406	2505	1902	2417	2499	2671	2200	1389	283	2188	1547	2646	2405	156	2924	1802	630	925	3086	2878	2398	785	3260	272	224	1232	922	793	1329	397	1061	2231	1076	516	2065	2697	3119	3041	802	2132	1706	1918	2918	3031	2342	278	
v	89
w	4593
%v	2%
%w	139%
SumT	90292
