Time(s)	0.001
Solution
s	17	49	9	24	15	30	46	5	39	48	29	33	11	42	23	38	1	37	22	31	4	21	13	43	16	27	18	36	3	32	12	10	35	14	25	26	28	6	34	45	40	2	8	44	20	7	0	47	41	19	
r	2	49	17	1	9	2	15	24	2	46	30	1	5	1	39	1	48	1	29	1	33	1	11	1	42	1	23	1	38	2	37	1	1	22	2	4	31	1	21	2	43	13	3	18	16	27	1	36	1	3	2	32	12	1	10	4	26	14	25	35	2	6	28	3	40	34	45	2	8	2	3	20	7	44	2	47	0	2	19	41	0	0	0	0	0	0	0	0	0	0	0	0	0	0	0	0	0	0	0	0	
c	2616	1222	2241	1797	1562	535	2022	2532	2308	130	1833	941	1820	1757	1872	320	1762	53	1778	2890	2441	1657	1399	1096	220	1907	1945	1769	1983	799	382	1478	1808	889	2062	1846	1787	1305	1159	635	2152	2796	1010	1758	2364	2106	454	2706	722	99	
C	2992	1477	2790	2088	1680	607	2544	2886	2790	325	2198	987	2124	1852	2382	455	2018	261	2018	3120	2886	1710	1541	1202	455	2382	2382	2018	2544	917	567	1680	2124	963	2690	2382	2054	1477	1304	681	2690	3120	1138	1852	2886	2690	567	2992	770	261	
l	2906	1399	2784	2052	1606	576	2516	2861	2756	244	2159	940	2054	1768	2305	440	1923	255	2008	3042	2840	1636	1521	1170	431	2302	2374	1986	2497	879	552	1639	2038	943	2629	2345	1998	1469	1277	616	2673	3086	1070	1774	2856	2623	541	2907	742	208	
v	237
w	3453
%v	7%
%w	110%
SumT	88216
