Time(s)	0
Solution
s	34	8	1	33	39	29	46	30	2	37	9	7	38	26	5	36	13	28	11	23	14	25	0	16	17	24	43	42	6	49	3	45	4	27	35	12	40	31	21	48	20	10	15	19	32	18	22	41	44	47	
r	1	34	1	8	1	1	1	33	2	29	39	2	30	46	2	37	2	1	9	2	7	38	2	5	26	1	36	1	13	1	28	1	11	1	23	1	14	1	25	1	0	1	16	2	24	17	1	43	1	42	2	49	6	2	45	3	3	35	4	27	1	12	1	40	4	20	48	21	31	5	10	18	32	15	19	1	22	2	44	41	1	47	0	0	0	0	0	0	0	0	0	0	0	0	0	0	0	0	0	0	
c	1479	180	536	1995	2005	878	1990	663	117	608	2269	1199	2048	1034	1306	2324	1550	1635	2509	2380	2218	2140	2578	1251	1714	1393	833	2011	1119	357	464	2102	2442	257	94	2029	970	576	740	336	2073	2649	1900	1807	2720	1999	448	2796	2178	1992	
C	1581	296	718	2198	2278	990	2046	902	246	786	2750	1322	2332	1146	1364	2750	1721	1813	2750	2750	2530	2530	2840	1322	1813	1485	990	2278	1222	510	560	2530	2750	372	158	2278	1022	718	902	510	2406	2952	1990	1887	2952	2198	560	2988	2530	2046	
l	1558	247	680	2121	2264	906	2038	821	174	700	2739	1292	2270	1103	1298	2670	1643	1796	2714	2732	2446	2434	2797	1245	1755	1447	938	2198	1215	462	552	2505	2703	281	134	2184	942	711	881	415	2365	2931	1915	1806	2941	2106	495	2963	2504	1995	
v	72
w	1956
%v	2%
%w	65%
SumT	82032
