Time(s)	0
Solution
s	46	26	33	32	36	19	24	2	37	14	38	6	9	34	48	27	13	30	12	29	31	5	22	4	17	23	0	45	8	39	47	7	49	40	1	25	28	3	15	44	10	42	35	20	43	41	11	21	18	16	
r	1	46	2	26	33	1	32	3	19	24	36	2	37	2	1	14	1	38	1	6	1	9	1	34	1	48	1	27	1	13	1	30	1	12	1	29	1	31	1	5	1	22	1	4	1	17	1	23	2	45	0	3	47	39	8	2	7	49	2	1	40	1	25	1	28	1	3	3	10	15	44	2	35	42	1	20	2	41	43	2	21	11	2	18	16	0	0	0	0	0	0	0	0	0	0	0	0	0	0	0	
c	1807	2315	326	2331	1563	1375	583	2214	1971	677	2371	2661	1083	891	459	2338	2895	1645	2803	273	2480	2729	1475	1733	281	2320	53	830	2325	1179	984	1279	172	103	714	2432	252	405	496	2043	2312	2593	2392	2533	2353	1906	41	2123	783	2310	
C	1974	2464	477	2628	1583	1399	657	2374	2225	745	2748	3086	1101	973	541	2748	3214	1699	3214	391	2886	3086	1557	1799	391	2484	217	955	2610	1263	1046	1389	223	217	745	2824	391	477	563	2225	2464	2950	2824	2950	2748	1974	101	2225	845	2374	
l	1905	2441	406	2538	1551	1323	574	2301	2133	741	2661	3041	1083	918	490	2685	3130	1616	3185	295	2832	3030	1527	1734	334	2448	179	928	2608	1235	986	1338	200	165	686	2790	368	412	483	2148	2439	2881	2730	2917	2702	1922	101	2209	836	2366	
v	813
w	2495
%v	25%
%w	77%
SumT	82551
