Time(s)	0
Solution
s	16	36	49	13	20	39	2	37	22	5	12	44	46	23	42	27	38	26	25	28	11	45	7	40	34	14	30	1	21	29	17	41	6	8	31	43	19	24	48	0	4	32	18	35	47	10	3	33	9	15	
r	1	16	1	36	1	49	1	13	1	20	1	39	1	2	1	37	1	22	1	5	1	12	2	44	46	1	23	1	42	1	27	1	38	1	26	1	25	1	28	1	11	1	45	1	7	1	40	1	34	1	14	2	30	1	1	21	1	29	1	17	1	41	3	31	6	8	1	43	2	19	24	3	4	48	0	1	32	2	35	18	1	47	1	10	1	3	2	9	33	1	15	0	0	0	0	0	0	0	0	0	
c	1951	1737	490	2434	1989	621	1789	1628	1803	2634	2339	1449	710	254	1730	2733	39	1762	2071	1858	327	1743	585	928	1886	1308	1210	1059	1371	1749	1733	1819	2027	2542	1727	2145	118	562	1149	409	1726	1775	1002	1835	775	1538	865	2246	1914	156	
C	2414	1950	580	2704	2414	766	2290	1682	2290	2772	2662	1521	836	294	1872	2792	147	2120	2532	2348	371	2022	718	999	2348	1364	1227	1079	1479	2076	1950	2290	2476	2772	1820	2532	191	650	1211	457	1782	2162	1036	2322	929	1584	929	2616	2414	223	
l	2357	1878	565	2613	2363	696	2210	1632	2283	2743	2658	1464	749	267	1851	2730	64	2099	2470	2323	282	1974	672	932	2255	1320	1151	1070	1438	2052	1883	2230	2411	2713	1774	2442	111	600	1136	382	1775	2106	980	2274	877	1564	917	2541	2371	195	
v	453
w	4962
%v	16%
%w	177%
SumT	80443
