Time(s)	0
Solution
s	17	26	29	2	42	21	37	3	6	8	4	38	11	16	18	12	40	46	39	49	41	30	10	13	44	45	28	43	19	31	25	35	0	9	47	24	34	33	5	7	36	27	23	15	22	20	14	32	1	48	
r	1	17	1	26	3	42	29	2	2	37	21	3	8	6	3	1	4	1	38	1	11	1	16	1	18	2	12	40	1	46	1	39	1	49	1	41	1	30	1	10	1	13	1	44	1	45	3	43	19	28	1	31	1	25	2	0	35	2	9	47	1	24	1	34	1	33	1	5	2	7	36	2	27	23	4	14	15	20	22	1	32	1	1	1	48	0	0	0	0	0	0	0	0	0	0	0	0	0	0	0	
c	1663	2469	159	324	443	1815	355	1862	410	1684	1330	633	822	1429	2343	2146	672	14	747	1616	2270	226	2216	2068	1732	1636	103	1998	1600	120	1245	1625	2400	1786	1758	1647	1937	249	533	999	873	1166	167	1607	1504	1599	925	1707	2551	1086	
C	1850	2652	295	576	618	2228	576	2322	576	1908	1426	704	995	1429	2530	2530	714	102	841	1694	2530	401	2530	2366	2012	1772	143	2366	1694	295	1342	1730	2568	2132	2074	1850	2322	401	662	1081	995	1258	295	1694	1608	1628	1039	1908	2756	1106	
l	1828	2595	229	517	542	2129	552	2303	519	1907	1414	629	932	1389	2523	2516	712	11	768	1667	2483	340	2485	2284	1999	1692	108	2294	1632	286	1262	1703	2507	2115	1981	1755	2303	337	595	1064	959	1178	269	1616	1526	1586	966	1856	2715	1087	
v	242
w	2829
%v	8%
%w	102%
SumT	70665
