Time(s)	0
Solution
s	13	6	20	5	15	41	19	33	17	38	1	16	4	37	30	7	22	23	46	42	2	8	3	47	26	48	12	25	49	18	39	45	34	35	31	10	14	29	32	44	43	28	27	24	40	0	11	9	21	36	
r	1	13	1	6	1	20	1	5	1	15	1	41	1	19	1	33	1	17	1	38	1	1	2	16	4	1	37	1	30	1	7	1	22	1	23	1	46	1	42	1	2	1	8	1	3	1	47	1	26	3	48	25	12	3	49	18	39	2	34	45	4	14	31	10	35	4	43	44	32	29	1	28	1	27	1	24	2	40	0	1	11	1	9	1	21	1	36	0	0	0	0	0	0	0	0	0	0	0	0	0	
c	2433	695	1370	1527	799	235	129	1038	1454	2596	1942	2514	1807	73	1971	289	749	540	1834	407	196	2678	1081	1125	2297	1811	1716	2239	2188	2007	940	1916	2045	447	1877	1895	2766	882	603	1846	2359	360	1281	2138	2091	1860	1202	1620	1804	1822	
C	2610	773	1506	1578	899	325	209	1102	1564	2744	2246	2610	1998	133	2246	413	899	639	2086	571	259	2836	1102	1201	2472	1998	1830	2420	2346	2328	963	2246	2328	621	2154	2246	2886	949	719	2086	2610	437	1430	2328	2328	2154	1316	1670	1998	2086	
l	2608	697	1443	1573	874	305	150	1042	1524	2712	2239	2544	1918	61	2189	391	852	544	2029	560	234	2785	1043	1196	2444	1918	1767	2339	2271	2319	923	2246	2318	578	2089	2226	2815	944	682	2014	2529	355	1407	2249	2315	2115	1243	1577	1947	1988	
v	213
w	1982
%v	7%
%w	68%
SumT	79131
