Time(s)	0.001
Solution
s	10	18	19	49	25	12	38	2	9	21	47	3	16	7	27	36	37	35	26	44	22	48	14	1	39	24	30	8	45	6	11	32	43	31	15	46	42	23	33	13	29	5	40	17	28	0	4	20	34	41	
r	1	10	1	18	2	49	19	1	25	1	12	1	38	1	2	1	9	1	21	1	47	1	3	1	16	1	7	2	27	36	2	35	37	1	26	1	44	1	22	1	48	1	14	1	1	1	39	1	24	1	30	1	8	1	45	3	11	32	6	1	43	1	31	1	15	1	46	1	42	2	33	23	3	29	5	13	1	40	2	28	17	1	0	1	4	2	20	34	1	41	0	0	0	0	0	0	0	0	0	0	
c	2582	1673	489	776	2653	2331	1947	918	1943	532	40	1960	337	2231	1576	2052	865	2447	133	204	2729	629	1423	2145	1849	314	1291	994	2512	2279	1942	2025	1981	2183	2809	1208	1092	1139	433	1772	2384	2890	2110	2002	1358	1944	2080	690	1509	218	
C	2754	1744	572	828	2796	2504	2150	1049	1998	640	114	2150	434	2504	1690	2242	965	2634	195	288	2885	686	1570	2382	1901	376	1343	1204	2634	2504	1976	2210	2150	2382	2885	1274	1204	1274	518	1792	2534	2946	2338	2184	1470	2032	2318	766	1624	288	
l	2675	1694	491	782	2754	2480	2088	1031	1995	621	35	2093	405	2457	1627	2160	872	2542	190	211	2836	626	1569	2322	1823	323	1315	1130	2634	2490	1881	2146	2093	2305	2866	1260	1118	1195	513	1791	2494	2914	2279	2142	1384	2017	2317	731	1584	280	
v	342
w	1814
%v	11%
%w	61%
SumT	81581
