Time(s)	0
Solution
s	32	19	30	23	48	27	20	12	39	0	13	5	7	8	9	47	28	43	45	14	16	38	49	31	37	46	2	18	25	22	34	6	24	15	29	36	35	44	1	10	4	41	42	33	17	3	11	21	26	40	
r	1	32	1	19	1	30	1	23	1	48	4	27	12	20	39	2	13	0	2	7	5	1	8	2	47	9	2	43	28	2	14	45	1	16	1	38	1	49	1	31	1	37	1	46	1	2	1	18	1	25	2	34	22	2	24	6	1	15	3	35	29	36	1	44	1	1	1	10	1	4	5	3	41	33	17	42	1	11	2	26	21	1	40	0	0	0	0	0	0	0	0	0	0	0	0	0	0	0	0	0	
c	483	2073	1692	2252	2108	611	1993	709	772	840	2089	2296	392	521	1157	2012	1257	2214	1787	101	362	2342	1978	266	2002	1882	2390	326	962	2023	172	1467	72	2179	1985	2046	2034	1535	1329	413	2440	2128	2152	1031	2058	1086	1594	901	305	1391	
C	764	2359	1816	2699	2539	924	2073	924	948	1112	2447	2755	614	764	1282	2099	1310	2699	1842	250	614	2877	2033	412	2073	1956	2877	614	1202	2223	388	1541	218	2699	2033	2223	2223	1587	1357	614	2889	2699	2699	1202	2345	1282	1732	1112	426	1451	
l	702	2313	1755	2663	2451	832	2048	894	947	1055	2370	2729	554	721	1243	2063	1246	2698	1834	192	517	2863	2029	387	2002	1950	2789	560	1125	2204	322	1456	192	2603	2026	2223	2126	1491	1338	546	2807	2667	2668	1116	2280	1227	1658	1050	353	1451	
v	145
w	3693
%v	5%
%w	127%
SumT	79336
