Time(s)	0
Solution
s	47	22	7	8	15	45	14	11	21	0	48	41	6	12	39	30	43	31	42	3	19	32	33	36	18	38	23	26	44	28	27	1	4	16	24	5	29	34	17	13	49	9	46	2	10	37	35	25	40	20	
r	1	47	1	22	2	8	7	1	15	1	45	1	14	1	11	1	21	1	0	1	48	2	41	6	2	12	39	2	43	30	1	31	1	42	1	3	1	19	1	32	2	36	33	3	23	18	38	2	44	26	2	27	28	1	1	1	4	1	16	1	24	1	5	4	13	29	34	17	5	10	49	2	9	46	3	25	35	37	2	20	40	0	0	0	0	0	0	0	0	0	0	0	0	0	0	0	0	0	0	0	
c	664	1724	2215	1386	1748	1834	842	169	199	2108	2273	468	925	2007	437	288	1776	1961	1654	1476	2622	568	109	1666	1804	2459	1674	1704	1691	1874	1065	1222	1569	1645	1916	2392	1649	2332	1659	965	2539	807	1297	1137	1682	380	2161	34	708	2055	
C	676	2263	2801	1428	2345	2475	998	235	235	2801	2801	539	1154	2621	513	386	2375	2621	1921	1536	3073	598	207	1921	2465	2939	2069	2219	2219	2621	1198	1240	1671	1745	2621	2939	1745	2939	1921	1154	3073	998	1357	1198	2069	412	2801	60	858	2801	
l	669	2167	2731	1402	2254	2472	914	162	194	2726	2714	508	1136	2548	438	356	2328	2579	1892	1529	3013	510	108	1838	2382	2881	1992	2141	2177	2530	1149	1183	1663	1654	2618	2928	1698	2864	1845	1127	3009	914	1287	1120	2053	344	2744	-39	771	2747	
v	445
w	5086
%v	14%
%w	165%
SumT	85009
